0.03
0.029
0.028
0.027
0.026
0.0251066
0.024791
0.0244754
0.0241598
0.0238442
0.0235286
0.023213
0.0228974
0.0225817
0.0222914
0.0220085
0.0217256
0.0214427
0.0211599
0.020877
0.0205941
0.0203113
0.0200421
0.0197948
0.0195475
0.0193002
0.0190529
0.0188056
0.0185583
0.018311
0.0180637
0.0178492
0.0176348
0.0174203
0.0172059
0.0169914
0.016777
0.0165625
0.0163481
0.0161512
0.0159653
0.0157794
0.0155935
0.0154076
0.0152217
0.0150359
0.01485
0.0146696
0.0145078
0.014346
0.0141842
0.0140224
0.0138607
0.0136989
0.0135371
0.0133753
0.0132305
0.0130888
0.0129471
0.0128054
0.0126638
0.0125221
0.0123804
0.0122387
0.0121047
0.0119797
0.0118547
0.0117297
0.0116047
0.0114798
0.0113548
0.0112298
0.0111058
0.0109947
0.0108836
0.0107725
0.0106614
0.0105502
0.0104391
0.010328
0.0102169
0.0101137
0.0100141
0.00991454
0.00981496
0.00971539
0.00961581
0.00951623
0.00941665
0.00932
0.00923006
0.00914012
0.00905018
0.00896025
0.00887031
0.00878037
0.00869043
0.00860049
0.00851798
0.00843613
0.00835427
0.00827242
0.00819057
0.00810871
0.00802686
0.00794501
0.00786678
0.00779173
0.00771669
0.00764164
0.0075666
0.00749155
0.0074165
0.00734146
0.00726726
0.00719797
0.00712867
0.00705938
0.00699009
0.0069208
0.0068515
0.00678221
0.00671292
0.00664734
0.00658293
0.00651852
0.0064541
0.00638969

